{
 "cells": [
  {
   "cell_type": "markdown",
   "metadata": {},
   "source": [
    "Чернякова Валерия группа 1304<br>\n",
    "ИДЗ №4 \"Цепи Маркова\"<br>\n",
    "Вариант 25<br>"
   ]
  },
  {
   "cell_type": "markdown",
   "metadata": {},
   "source": [
    "### Задание 6."
   ]
  },
  {
   "cell_type": "code",
   "execution_count": 11,
   "metadata": {},
   "outputs": [],
   "source": [
    "def get_seq(steps, start_point):\n",
    "    start = start_point\n",
    "    P = [[0.1, 0.2, 0.3, 0, 0.4, 0],\n",
    "         [0.4, 0.1, 0.2, 0, 0.3, 0],\n",
    "         [0.4, 0.1, 0.3, 0, 0.2, 0],\n",
    "         [0, 0.2, 0, 0.4, 0.4, 0],\n",
    "         [0.1, 0.2, 0.5, 0, 0.2, 0],\n",
    "         [0, 0, 0, 0, 0.8, 0.2]]\n",
    "    E = [[0 if x!= i else 1 for x in range(6)] for i in range(6)]\n",
    "    a = hmm.DiscreteHiddenMarkovModel(P,E,[1, 2, 3, 4, 5, 6])\n",
    "    seq = [*(a.generate_sequence(steps,starting_state=start)[0])]\n",
    "    return seq"
   ]
  },
  {
   "cell_type": "code",
   "execution_count": 12,
   "metadata": {},
   "outputs": [
    {
     "name": "stdout",
     "output_type": "stream",
     "text": [
      "длина = 10, старт = 1\n",
      "0,2,2,2,2,2,0,2,1,4\n"
     ]
    }
   ],
   "source": [
    "print('длина = 10, старт = 1')\n",
    "print(','.join(list(map(str,get_seq(10, 0)))))"
   ]
  },
  {
   "cell_type": "code",
   "execution_count": 13,
   "metadata": {},
   "outputs": [
    {
     "name": "stdout",
     "output_type": "stream",
     "text": [
      "Моделирование цепи маркова длинны 10\n",
      "Старт  1\n",
      "1,3,5,3,3,1,3,1,2,3\n",
      "[3/10, 1/10, 1/2, 0, 1/10, 0]\n",
      "\n",
      "\n",
      "Моделирование цепи маркова длинны 50\n",
      "Старт  2\n",
      "2,2,2,1,5,2,3,1,5,3,5,2,1,1,3,1,5,3,1,5,2,3,3,5,3,1,5,1,5,3,1,1,5,2,1,5,3,3,2,5,5,5,3,1,5,5,2,1,5,3\n",
      "[13/50, 9/50, 6/25, 0, 8/25, 0]\n",
      "\n",
      "\n",
      "Моделирование цепи маркова длинны 100\n",
      "Старт  3\n",
      "3,5,3,2,3,1,5,1,2,5,3,2,3,3,5,5,3,3,5,2,1,3,5,3,1,5,2,3,5,1,1,5,3,1,2,5,3,3,2,5,1,2,1,5,3,1,2,1,3,3,1,5,3,2,1,5,1,3,3,5,3,2,1,2,2,5,3,5,5,3,3,1,5,3,2,3,1,5,1,2,1,1,5,1,5,3,3,5,5,5,1,3,5,3,5,3,1,3,1,2\n",
      "[6/25, 4/25, 8/25, 0, 7/25, 0]\n",
      "\n",
      "\n",
      "Моделирование цепи маркова длинны 1000\n",
      "Старт  4\n",
      "4,4,5,3,3,1,2,2,5,5,1,5,3,1,2,1,2,1,5,2,3,1,5,5,2,3,1,5,3,3,3,2,1,5,2,5,3,1,3,1,5,5,2,1,3,2,1,2,5,5,5,3,5,3,1,5,5,2,5,3,1,5,3,1,3,3,3,5,3,5,2,1,5,3,5,3,1,3,5,2,1,1,2,5,1,3,5,5,2,5,1,2,1,1,3,1,3,3,1,2,5,2,5,2,5,3,5,5,3,1,2,1,3,1,2,5,3,2,5,3,2,1,2,1,2,5,2,5,2,3,3,1,3,1,3,5,3,5,1,2,5,5,3,5,3,3,5,3,3,1,5,3,3,2,1,1,5,5,3,1,1,5,5,2,5,3,1,5,3,2,1,5,5,3,2,5,2,3,2,2,3,1,5,1,5,3,3,5,2,1,5,1,5,3,3,5,2,3,3,1,5,2,1,3,3,1,3,3,1,2,3,1,2,1,5,2,1,5,2,2,5,3,3,5,3,3,3,5,3,1,3,1,3,3,3,2,1,5,3,3,1,3,5,2,5,3,1,3,3,3,2,1,5,3,3,5,3,2,5,3,1,5,5,2,1,5,2,1,5,1,5,3,3,2,3,3,1,2,1,5,3,3,1,3,1,5,3,1,5,3,3,1,5,1,3,3,3,3,5,3,2,1,5,2,1,3,3,1,5,5,3,5,2,1,3,3,1,2,3,1,1,5,5,3,1,5,3,3,3,5,1,5,3,3,3,1,3,3,2,5,3,5,5,3,1,2,1,2,5,5,2,2,5,3,3,3,5,5,2,1,5,2,1,2,3,3,3,2,2,1,5,5,2,5,2,2,1,2,5,3,1,5,1,5,3,1,3,5,3,5,2,3,1,3,3,1,3,5,3,1,2,1,2,1,5,3,5,1,3,3,5,5,3,5,3,3,1,5,2,5,3,1,2,1,5,2,1,3,2,3,5,3,5,5,2,1,2,2,1,5,5,3,5,5,3,5,3,1,3,1,5,3,3,1,3,5,5,5,3,3,3,2,3,1,3,3,3,1,1,1,3,3,2,1,5,3,3,2,5,5,5,1,3,1,2,5,3,1,3,3,3,2,1,5,2,5,3,5,3,5,3,5,3,3,3,3,1,3,1,3,1,2,1,3,1,5,3,3,1,5,3,2,5,3,1,2,5,3,5,3,1,3,1,3,3,1,1,5,3,5,3,3,1,1,3,1,1,5,5,3,5,3,1,2,3,3,5,2,3,1,3,5,5,2,5,3,3,1,5,3,1,3,5,5,1,3,1,5,1,2,3,3,1,1,5,3,3,1,5,5,3,1,3,3,3,2,5,3,5,3,1,5,3,3,5,3,2,5,1,5,3,1,5,1,5,3,5,3,1,2,3,3,1,5,3,3,1,5,3,2,5,2,1,5,3,1,1,5,5,3,5,3,3,3,3,5,5,5,2,5,3,1,3,3,1,3,1,2,1,5,2,5,2,2,1,5,5,1,2,1,5,3,3,2,3,3,5,2,1,2,1,3,1,2,5,3,2,1,5,1,5,2,5,3,5,5,3,1,1,5,3,1,5,2,1,3,3,1,5,5,3,2,1,1,3,5,3,1,5,3,3,1,2,1,3,2,2,3,1,1,2,5,3,1,2,3,1,5,3,1,2,5,3,2,1,5,2,1,3,1,5,3,1,5,1,5,5,5,5,3,1,2,5,2,3,5,3,1,5,3,3,3,1,5,5,1,5,2,1,3,3,1,2,5,5,3,2,5,3,1,5,5,2,5,5,1,5,5,5,3,3,1,1,2,2,5,3,1,3,1,3,5,3,3,5,3,3,1,5,2,1,3,3,1,5,5,3,3,3,1,1,2,3,3,1,3,2,1,5,3,3,5,3,1,5,5,2,3,1,2,1,3,1,5,3,5,3,3,5,3,3,2,5,3,1,2,5,3,3,1,5,5,2,5,3,3,3,5,3,1,2,1,2,1,2,1,2,3,1,5,3,5,5,2,1,5,5,3,5,5,3,5,3,3,2,3,3,3,3,5,3,1,3,1,5,2,1,5,2,5,3,1,3,3,3,1,3,5,3,5,5,1,5,5,2,1,3,1,2,1,5,3,3,1,3,1,2,1,2,3,3,3,3,1,3,5,5,1,2,1,5,3,5,3,3,3,3,1,1,5,3,3,2,5,3,3,1,2,3,1,2,5,2,1,5,3,5,2,1,5,5,5,3,1,2,5,1,2,2,1\n",
      "[117/500, 157/1000, 333/1000, 1/500, 137/500, 0]\n",
      "\n",
      "\n"
     ]
    }
   ],
   "source": [
    "start_point = 0\n",
    "for steps in [10,50,100,1000]:\n",
    "    seq = get_seq(steps, start_point)\n",
    "    x_nums = [0 for i in range(6)]\n",
    "    for elem in seq:\n",
    "        x_nums[elem] += 1\n",
    "    x_nums = list(map(lambda t: t/steps,x_nums))\n",
    "    print(f'Моделирование цепи маркова длинны {steps}')\n",
    "    print('Старт ', start_point+1)\n",
    "    print(','.join(list(map(lambda t: str(t + 1),seq))))\n",
    "    print(x_nums)\n",
    "    print('\\n')\n",
    "    start_point += 1"
   ]
  },
  {
   "cell_type": "markdown",
   "metadata": {},
   "source": [
    "### Задание 7."
   ]
  },
  {
   "cell_type": "code",
   "execution_count": 14,
   "metadata": {},
   "outputs": [],
   "source": [
    "A = Matrix([[0.1, 0.2, 0.3, 0, 0.4, 0],[0.4, 0.1, 0.2, 0, 0.3, 0],[0.4, 0.1, 0.3, 0, 0.2, 0], [0, 0.2, 0, 0.4, 0.4, 0], [0.1, 0.2, 0.5, 0, 0.2, 0], [0, 0, 0, 0, 0.8, 0.2]])"
   ]
  },
  {
   "cell_type": "code",
   "execution_count": 17,
   "metadata": {},
   "outputs": [
    {
     "name": "stdout",
     "output_type": "stream",
     "text": [
      "Степень  1\n"
     ]
    },
    {
     "data": {
      "text/html": [
       "<html><script type=\"math/tex; mode=display\">\\newcommand{\\Bold}[1]{\\mathbf{#1}}\\left(\\begin{array}{rrrrrr}\n",
       "0.100000000000000 & 0.200000000000000 & 0.300000000000000 & 0.000000000000000 & 0.400000000000000 & 0.000000000000000 \\\\\n",
       "0.400000000000000 & 0.100000000000000 & 0.200000000000000 & 0.000000000000000 & 0.300000000000000 & 0.000000000000000 \\\\\n",
       "0.400000000000000 & 0.100000000000000 & 0.300000000000000 & 0.000000000000000 & 0.200000000000000 & 0.000000000000000 \\\\\n",
       "0.000000000000000 & 0.200000000000000 & 0.000000000000000 & 0.400000000000000 & 0.400000000000000 & 0.000000000000000 \\\\\n",
       "0.100000000000000 & 0.200000000000000 & 0.500000000000000 & 0.000000000000000 & 0.200000000000000 & 0.000000000000000 \\\\\n",
       "0.000000000000000 & 0.000000000000000 & 0.000000000000000 & 0.000000000000000 & 0.800000000000000 & 0.200000000000000\n",
       "\\end{array}\\right)</script></html>"
      ],
      "text/latex": [
       "$$\\newcommand{\\Bold}[1]{\\mathbf{#1}}\\left(\\begin{array}{rrrrrr}\n",
       "0.100000000000000 & 0.200000000000000 & 0.300000000000000 & 0.000000000000000 & 0.400000000000000 & 0.000000000000000 \\\\\n",
       "0.400000000000000 & 0.100000000000000 & 0.200000000000000 & 0.000000000000000 & 0.300000000000000 & 0.000000000000000 \\\\\n",
       "0.400000000000000 & 0.100000000000000 & 0.300000000000000 & 0.000000000000000 & 0.200000000000000 & 0.000000000000000 \\\\\n",
       "0.000000000000000 & 0.200000000000000 & 0.000000000000000 & 0.400000000000000 & 0.400000000000000 & 0.000000000000000 \\\\\n",
       "0.100000000000000 & 0.200000000000000 & 0.500000000000000 & 0.000000000000000 & 0.200000000000000 & 0.000000000000000 \\\\\n",
       "0.000000000000000 & 0.000000000000000 & 0.000000000000000 & 0.000000000000000 & 0.800000000000000 & 0.200000000000000\n",
       "\\end{array}\\right)$$"
      ],
      "text/plain": [
       "[0.100000000000000 0.200000000000000 0.300000000000000 0.000000000000000 0.400000000000000 0.000000000000000]\n",
       "[0.400000000000000 0.100000000000000 0.200000000000000 0.000000000000000 0.300000000000000 0.000000000000000]\n",
       "[0.400000000000000 0.100000000000000 0.300000000000000 0.000000000000000 0.200000000000000 0.000000000000000]\n",
       "[0.000000000000000 0.200000000000000 0.000000000000000 0.400000000000000 0.400000000000000 0.000000000000000]\n",
       "[0.100000000000000 0.200000000000000 0.500000000000000 0.000000000000000 0.200000000000000 0.000000000000000]\n",
       "[0.000000000000000 0.000000000000000 0.000000000000000 0.000000000000000 0.800000000000000 0.200000000000000]"
      ]
     },
     "metadata": {},
     "output_type": "display_data"
    },
    {
     "name": "stdout",
     "output_type": "stream",
     "text": [
      "Степень  2\n"
     ]
    },
    {
     "data": {
      "text/html": [
       "<html><script type=\"math/tex; mode=display\">\\newcommand{\\Bold}[1]{\\mathbf{#1}}\\left(\\begin{array}{rrrrrr}\n",
       "0.250000000000000 & 0.150000000000000 & 0.360000000000000 & 0.000000000000000 & 0.240000000000000 & 0.000000000000000 \\\\\n",
       "0.190000000000000 & 0.170000000000000 & 0.350000000000000 & 0.000000000000000 & 0.290000000000000 & 0.000000000000000 \\\\\n",
       "0.220000000000000 & 0.160000000000000 & 0.330000000000000 & 0.000000000000000 & 0.290000000000000 & 0.000000000000000 \\\\\n",
       "0.120000000000000 & 0.180000000000000 & 0.240000000000000 & 0.160000000000000 & 0.300000000000000 & 0.000000000000000 \\\\\n",
       "0.310000000000000 & 0.130000000000000 & 0.320000000000000 & 0.000000000000000 & 0.240000000000000 & 0.000000000000000 \\\\\n",
       "0.0800000000000000 & 0.160000000000000 & 0.400000000000000 & 0.000000000000000 & 0.320000000000000 & 0.0400000000000000\n",
       "\\end{array}\\right)</script></html>"
      ],
      "text/latex": [
       "$$\\newcommand{\\Bold}[1]{\\mathbf{#1}}\\left(\\begin{array}{rrrrrr}\n",
       "0.250000000000000 & 0.150000000000000 & 0.360000000000000 & 0.000000000000000 & 0.240000000000000 & 0.000000000000000 \\\\\n",
       "0.190000000000000 & 0.170000000000000 & 0.350000000000000 & 0.000000000000000 & 0.290000000000000 & 0.000000000000000 \\\\\n",
       "0.220000000000000 & 0.160000000000000 & 0.330000000000000 & 0.000000000000000 & 0.290000000000000 & 0.000000000000000 \\\\\n",
       "0.120000000000000 & 0.180000000000000 & 0.240000000000000 & 0.160000000000000 & 0.300000000000000 & 0.000000000000000 \\\\\n",
       "0.310000000000000 & 0.130000000000000 & 0.320000000000000 & 0.000000000000000 & 0.240000000000000 & 0.000000000000000 \\\\\n",
       "0.0800000000000000 & 0.160000000000000 & 0.400000000000000 & 0.000000000000000 & 0.320000000000000 & 0.0400000000000000\n",
       "\\end{array}\\right)$$"
      ],
      "text/plain": [
       "[ 0.250000000000000  0.150000000000000  0.360000000000000  0.000000000000000  0.240000000000000  0.000000000000000]\n",
       "[ 0.190000000000000  0.170000000000000  0.350000000000000  0.000000000000000  0.290000000000000  0.000000000000000]\n",
       "[ 0.220000000000000  0.160000000000000  0.330000000000000  0.000000000000000  0.290000000000000  0.000000000000000]\n",
       "[ 0.120000000000000  0.180000000000000  0.240000000000000  0.160000000000000  0.300000000000000  0.000000000000000]\n",
       "[ 0.310000000000000  0.130000000000000  0.320000000000000  0.000000000000000  0.240000000000000  0.000000000000000]\n",
       "[0.0800000000000000  0.160000000000000  0.400000000000000  0.000000000000000  0.320000000000000 0.0400000000000000]"
      ]
     },
     "metadata": {},
     "output_type": "display_data"
    },
    {
     "name": "stdout",
     "output_type": "stream",
     "text": [
      "Степень  3\n"
     ]
    },
    {
     "data": {
      "text/html": [
       "<html><script type=\"math/tex; mode=display\">\\newcommand{\\Bold}[1]{\\mathbf{#1}}\\left(\\begin{array}{rrrrrr}\n",
       "0.253000000000000 & 0.149000000000000 & 0.333000000000000 & 0.000000000000000 & 0.265000000000000 & 0.000000000000000 \\\\\n",
       "0.256000000000000 & 0.148000000000000 & 0.341000000000000 & 0.000000000000000 & 0.255000000000000 & 0.000000000000000 \\\\\n",
       "0.247000000000000 & 0.151000000000000 & 0.342000000000000 & 0.000000000000000 & 0.260000000000000 & 0.000000000000000 \\\\\n",
       "0.210000000000000 & 0.158000000000000 & 0.294000000000000 & 0.0640000000000000 & 0.274000000000000 & 0.000000000000000 \\\\\n",
       "0.235000000000000 & 0.155000000000000 & 0.335000000000000 & 0.000000000000000 & 0.275000000000000 & 0.000000000000000 \\\\\n",
       "0.264000000000000 & 0.136000000000000 & 0.336000000000000 & 0.000000000000000 & 0.256000000000000 & 0.00800000000000000\n",
       "\\end{array}\\right)</script></html>"
      ],
      "text/latex": [
       "$$\\newcommand{\\Bold}[1]{\\mathbf{#1}}\\left(\\begin{array}{rrrrrr}\n",
       "0.253000000000000 & 0.149000000000000 & 0.333000000000000 & 0.000000000000000 & 0.265000000000000 & 0.000000000000000 \\\\\n",
       "0.256000000000000 & 0.148000000000000 & 0.341000000000000 & 0.000000000000000 & 0.255000000000000 & 0.000000000000000 \\\\\n",
       "0.247000000000000 & 0.151000000000000 & 0.342000000000000 & 0.000000000000000 & 0.260000000000000 & 0.000000000000000 \\\\\n",
       "0.210000000000000 & 0.158000000000000 & 0.294000000000000 & 0.0640000000000000 & 0.274000000000000 & 0.000000000000000 \\\\\n",
       "0.235000000000000 & 0.155000000000000 & 0.335000000000000 & 0.000000000000000 & 0.275000000000000 & 0.000000000000000 \\\\\n",
       "0.264000000000000 & 0.136000000000000 & 0.336000000000000 & 0.000000000000000 & 0.256000000000000 & 0.00800000000000000\n",
       "\\end{array}\\right)$$"
      ],
      "text/plain": [
       "[  0.253000000000000   0.149000000000000   0.333000000000000   0.000000000000000   0.265000000000000   0.000000000000000]\n",
       "[  0.256000000000000   0.148000000000000   0.341000000000000   0.000000000000000   0.255000000000000   0.000000000000000]\n",
       "[  0.247000000000000   0.151000000000000   0.342000000000000   0.000000000000000   0.260000000000000   0.000000000000000]\n",
       "[  0.210000000000000   0.158000000000000   0.294000000000000  0.0640000000000000   0.274000000000000   0.000000000000000]\n",
       "[  0.235000000000000   0.155000000000000   0.335000000000000   0.000000000000000   0.275000000000000   0.000000000000000]\n",
       "[  0.264000000000000   0.136000000000000   0.336000000000000   0.000000000000000   0.256000000000000 0.00800000000000000]"
      ]
     },
     "metadata": {},
     "output_type": "display_data"
    },
    {
     "name": "stdout",
     "output_type": "stream",
     "text": [
      "Степень  4\n"
     ]
    },
    {
     "data": {
      "text/html": [
       "<html><script type=\"math/tex; mode=display\">\\newcommand{\\Bold}[1]{\\mathbf{#1}}\\left(\\begin{array}{rrrrrr}\n",
       "0.244600000000000 & 0.151800000000000 & 0.338100000000000 & 0.000000000000000 & 0.265500000000000 & 0.000000000000000 \\\\\n",
       "0.246700000000000 & 0.151100000000000 & 0.336200000000000 & 0.000000000000000 & 0.266000000000000 & 0.000000000000000 \\\\\n",
       "0.247900000000000 & 0.150700000000000 & 0.336900000000000 & 0.000000000000000 & 0.264500000000000 & 0.000000000000000 \\\\\n",
       "0.229200000000000 & 0.154800000000000 & 0.319800000000000 & 0.0256000000000000 & 0.270600000000000 & 0.000000000000000 \\\\\n",
       "0.247000000000000 & 0.151000000000000 & 0.339500000000000 & 0.000000000000000 & 0.262500000000000 & 0.000000000000000 \\\\\n",
       "0.240800000000000 & 0.151200000000000 & 0.335200000000000 & 0.000000000000000 & 0.271200000000000 & 0.00160000000000000\n",
       "\\end{array}\\right)</script></html>"
      ],
      "text/latex": [
       "$$\\newcommand{\\Bold}[1]{\\mathbf{#1}}\\left(\\begin{array}{rrrrrr}\n",
       "0.244600000000000 & 0.151800000000000 & 0.338100000000000 & 0.000000000000000 & 0.265500000000000 & 0.000000000000000 \\\\\n",
       "0.246700000000000 & 0.151100000000000 & 0.336200000000000 & 0.000000000000000 & 0.266000000000000 & 0.000000000000000 \\\\\n",
       "0.247900000000000 & 0.150700000000000 & 0.336900000000000 & 0.000000000000000 & 0.264500000000000 & 0.000000000000000 \\\\\n",
       "0.229200000000000 & 0.154800000000000 & 0.319800000000000 & 0.0256000000000000 & 0.270600000000000 & 0.000000000000000 \\\\\n",
       "0.247000000000000 & 0.151000000000000 & 0.339500000000000 & 0.000000000000000 & 0.262500000000000 & 0.000000000000000 \\\\\n",
       "0.240800000000000 & 0.151200000000000 & 0.335200000000000 & 0.000000000000000 & 0.271200000000000 & 0.00160000000000000\n",
       "\\end{array}\\right)$$"
      ],
      "text/plain": [
       "[  0.244600000000000   0.151800000000000   0.338100000000000   0.000000000000000   0.265500000000000   0.000000000000000]\n",
       "[  0.246700000000000   0.151100000000000   0.336200000000000   0.000000000000000   0.266000000000000   0.000000000000000]\n",
       "[  0.247900000000000   0.150700000000000   0.336900000000000   0.000000000000000   0.264500000000000   0.000000000000000]\n",
       "[  0.229200000000000   0.154800000000000   0.319800000000000  0.0256000000000000   0.270600000000000   0.000000000000000]\n",
       "[  0.247000000000000   0.151000000000000   0.339500000000000   0.000000000000000   0.262500000000000   0.000000000000000]\n",
       "[  0.240800000000000   0.151200000000000   0.335200000000000   0.000000000000000   0.271200000000000 0.00160000000000000]"
      ]
     },
     "metadata": {},
     "output_type": "display_data"
    },
    {
     "name": "stdout",
     "output_type": "stream",
     "text": [
      "Степень  5\n"
     ]
    },
    {
     "data": {
      "text/html": [
       "<html><script type=\"math/tex; mode=display\">\\newcommand{\\Bold}[1]{\\mathbf{#1}}\\left(\\begin{array}{rrrrrr}\n",
       "0.246970000000000 & 0.151010000000000 & 0.337920000000000 & 0.000000000000000 & 0.264100000000000 & 0.000000000000000 \\\\\n",
       "0.246190000000000 & 0.151270000000000 & 0.338090000000000 & 0.000000000000000 & 0.264450000000000 & 0.000000000000000 \\\\\n",
       "0.246280000000000 & 0.151240000000000 & 0.337830000000000 & 0.000000000000000 & 0.264650000000000 & 0.000000000000000 \\\\\n",
       "0.239820000000000 & 0.152540000000000 & 0.330960000000000 & 0.0102400000000000 & 0.266440000000000 & 0.000000000000000 \\\\\n",
       "0.247150000000000 & 0.150950000000000 & 0.337400000000000 & 0.000000000000000 & 0.264500000000000 & 0.000000000000000 \\\\\n",
       "0.245760000000000 & 0.151040000000000 & 0.338640000000000 & 0.000000000000000 & 0.264240000000000 & 0.000320000000000000\n",
       "\\end{array}\\right)</script></html>"
      ],
      "text/latex": [
       "$$\\newcommand{\\Bold}[1]{\\mathbf{#1}}\\left(\\begin{array}{rrrrrr}\n",
       "0.246970000000000 & 0.151010000000000 & 0.337920000000000 & 0.000000000000000 & 0.264100000000000 & 0.000000000000000 \\\\\n",
       "0.246190000000000 & 0.151270000000000 & 0.338090000000000 & 0.000000000000000 & 0.264450000000000 & 0.000000000000000 \\\\\n",
       "0.246280000000000 & 0.151240000000000 & 0.337830000000000 & 0.000000000000000 & 0.264650000000000 & 0.000000000000000 \\\\\n",
       "0.239820000000000 & 0.152540000000000 & 0.330960000000000 & 0.0102400000000000 & 0.266440000000000 & 0.000000000000000 \\\\\n",
       "0.247150000000000 & 0.150950000000000 & 0.337400000000000 & 0.000000000000000 & 0.264500000000000 & 0.000000000000000 \\\\\n",
       "0.245760000000000 & 0.151040000000000 & 0.338640000000000 & 0.000000000000000 & 0.264240000000000 & 0.000320000000000000\n",
       "\\end{array}\\right)$$"
      ],
      "text/plain": [
       "[   0.246970000000000    0.151010000000000    0.337920000000000    0.000000000000000    0.264100000000000    0.000000000000000]\n",
       "[   0.246190000000000    0.151270000000000    0.338090000000000    0.000000000000000    0.264450000000000    0.000000000000000]\n",
       "[   0.246280000000000    0.151240000000000    0.337830000000000    0.000000000000000    0.264650000000000    0.000000000000000]\n",
       "[   0.239820000000000    0.152540000000000    0.330960000000000   0.0102400000000000    0.266440000000000    0.000000000000000]\n",
       "[   0.247150000000000    0.150950000000000    0.337400000000000    0.000000000000000    0.264500000000000    0.000000000000000]\n",
       "[   0.245760000000000    0.151040000000000    0.338640000000000    0.000000000000000    0.264240000000000 0.000320000000000000]"
      ]
     },
     "metadata": {},
     "output_type": "display_data"
    },
    {
     "name": "stdout",
     "output_type": "stream",
     "text": [
      "Степень  6\n"
     ]
    },
    {
     "data": {
      "text/html": [
       "<html><script type=\"math/tex; mode=display\">\\newcommand{\\Bold}[1]{\\mathbf{#1}}\\left(\\begin{array}{rrrrrr}\n",
       "0.246679000000000 & 0.151107000000000 & 0.337719000000000 & 0.000000000000000 & 0.264495000000000 & 0.000000000000000 \\\\\n",
       "0.246808000000000 & 0.151064000000000 & 0.337763000000000 & 0.000000000000000 & 0.264365000000000 & 0.000000000000000 \\\\\n",
       "0.246721000000000 & 0.151093000000000 & 0.337806000000000 & 0.000000000000000 & 0.264380000000000 & 0.000000000000000 \\\\\n",
       "0.244026000000000 & 0.151650000000000 & 0.334962000000000 & 0.00409600000000000 & 0.265266000000000 & 0.000000000000000 \\\\\n",
       "0.246505000000000 & 0.151165000000000 & 0.337805000000000 & 0.000000000000000 & 0.264525000000000 & 0.000000000000000 \\\\\n",
       "0.246872000000000 & 0.150968000000000 & 0.337648000000000 & 0.000000000000000 & 0.264448000000000 & 0.0000640000000000000\n",
       "\\end{array}\\right)</script></html>"
      ],
      "text/latex": [
       "$$\\newcommand{\\Bold}[1]{\\mathbf{#1}}\\left(\\begin{array}{rrrrrr}\n",
       "0.246679000000000 & 0.151107000000000 & 0.337719000000000 & 0.000000000000000 & 0.264495000000000 & 0.000000000000000 \\\\\n",
       "0.246808000000000 & 0.151064000000000 & 0.337763000000000 & 0.000000000000000 & 0.264365000000000 & 0.000000000000000 \\\\\n",
       "0.246721000000000 & 0.151093000000000 & 0.337806000000000 & 0.000000000000000 & 0.264380000000000 & 0.000000000000000 \\\\\n",
       "0.244026000000000 & 0.151650000000000 & 0.334962000000000 & 0.00409600000000000 & 0.265266000000000 & 0.000000000000000 \\\\\n",
       "0.246505000000000 & 0.151165000000000 & 0.337805000000000 & 0.000000000000000 & 0.264525000000000 & 0.000000000000000 \\\\\n",
       "0.246872000000000 & 0.150968000000000 & 0.337648000000000 & 0.000000000000000 & 0.264448000000000 & 0.0000640000000000000\n",
       "\\end{array}\\right)$$"
      ],
      "text/plain": [
       "[    0.246679000000000     0.151107000000000     0.337719000000000     0.000000000000000     0.264495000000000     0.000000000000000]\n",
       "[    0.246808000000000     0.151064000000000     0.337763000000000     0.000000000000000     0.264365000000000     0.000000000000000]\n",
       "[    0.246721000000000     0.151093000000000     0.337806000000000     0.000000000000000     0.264380000000000     0.000000000000000]\n",
       "[    0.244026000000000     0.151650000000000     0.334962000000000   0.00409600000000000     0.265266000000000     0.000000000000000]\n",
       "[    0.246505000000000     0.151165000000000     0.337805000000000     0.000000000000000     0.264525000000000     0.000000000000000]\n",
       "[    0.246872000000000     0.150968000000000     0.337648000000000     0.000000000000000     0.264448000000000 0.0000640000000000000]"
      ]
     },
     "metadata": {},
     "output_type": "display_data"
    },
    {
     "name": "stdout",
     "output_type": "stream",
     "text": [
      "Степень  7\n"
     ]
    },
    {
     "data": {
      "text/html": [
       "<html><script type=\"math/tex; mode=display\">\\newcommand{\\Bold}[1]{\\mathbf{#1}}\\left(\\begin{array}{rrrrrr}\n",
       "0.246647800000000 & 0.151117400000000 & 0.337788300000000 & 0.000000000000000 & 0.264446500000000 & 0.000000000000000 \\\\\n",
       "0.246648100000000 & 0.151117300000000 & 0.337766600000000 & 0.000000000000000 & 0.264468000000000 & 0.000000000000000 \\\\\n",
       "0.246669700000000 & 0.151110100000000 & 0.337766700000000 & 0.000000000000000 & 0.264453500000000 & 0.000000000000000 \\\\\n",
       "0.245574000000000 & 0.151338800000000 & 0.336659400000000 & 0.00163840000000000 & 0.264789400000000 & 0.000000000000000 \\\\\n",
       "0.246691000000000 & 0.151103000000000 & 0.337788500000000 & 0.000000000000000 & 0.264417500000000 & 0.000000000000000 \\\\\n",
       "0.246578400000000 & 0.151125600000000 & 0.337773600000000 & 0.000000000000000 & 0.264509600000000 & 0.0000128000000000000\n",
       "\\end{array}\\right)</script></html>"
      ],
      "text/latex": [
       "$$\\newcommand{\\Bold}[1]{\\mathbf{#1}}\\left(\\begin{array}{rrrrrr}\n",
       "0.246647800000000 & 0.151117400000000 & 0.337788300000000 & 0.000000000000000 & 0.264446500000000 & 0.000000000000000 \\\\\n",
       "0.246648100000000 & 0.151117300000000 & 0.337766600000000 & 0.000000000000000 & 0.264468000000000 & 0.000000000000000 \\\\\n",
       "0.246669700000000 & 0.151110100000000 & 0.337766700000000 & 0.000000000000000 & 0.264453500000000 & 0.000000000000000 \\\\\n",
       "0.245574000000000 & 0.151338800000000 & 0.336659400000000 & 0.00163840000000000 & 0.264789400000000 & 0.000000000000000 \\\\\n",
       "0.246691000000000 & 0.151103000000000 & 0.337788500000000 & 0.000000000000000 & 0.264417500000000 & 0.000000000000000 \\\\\n",
       "0.246578400000000 & 0.151125600000000 & 0.337773600000000 & 0.000000000000000 & 0.264509600000000 & 0.0000128000000000000\n",
       "\\end{array}\\right)$$"
      ],
      "text/plain": [
       "[    0.246647800000000     0.151117400000000     0.337788300000000     0.000000000000000     0.264446500000000     0.000000000000000]\n",
       "[    0.246648100000000     0.151117300000000     0.337766600000000     0.000000000000000     0.264468000000000     0.000000000000000]\n",
       "[    0.246669700000000     0.151110100000000     0.337766700000000     0.000000000000000     0.264453500000000     0.000000000000000]\n",
       "[    0.245574000000000     0.151338800000000     0.336659400000000   0.00163840000000000     0.264789400000000     0.000000000000000]\n",
       "[    0.246691000000000     0.151103000000000     0.337788500000000     0.000000000000000     0.264417500000000     0.000000000000000]\n",
       "[    0.246578400000000     0.151125600000000     0.337773600000000     0.000000000000000     0.264509600000000 0.0000128000000000000]"
      ]
     },
     "metadata": {},
     "output_type": "display_data"
    },
    {
     "name": "stdout",
     "output_type": "stream",
     "text": [
      "Степень  8\n"
     ]
    },
    {
     "data": {
      "text/html": [
       "<html><script type=\"math/tex; mode=display\">\\newcommand{\\Bold}[1]{\\mathbf{#1}}\\left(\\begin{array}{rrrrrr}\n",
       "0.246671710000000 & 0.151109430000000 & 0.337777560000000 & 0.000000000000000 & 0.264441300000000 & 0.000000000000000 \\\\\n",
       "0.246665170000000 & 0.151111610000000 & 0.337781870000000 & 0.000000000000000 & 0.264441350000000 & 0.000000000000000 \\\\\n",
       "0.246663040000000 & 0.151112320000000 & 0.337779690000000 & 0.000000000000000 & 0.264444950000000 & 0.000000000000000 \\\\\n",
       "0.246235620000000 & 0.151200180000000 & 0.337332480000000 & 0.000655360000000001 & 0.264576360000000 & 0.000000000000000 \\\\\n",
       "0.246667450000000 & 0.151110850000000 & 0.337773200000000 & 0.000000000000000 & 0.264448500000000 & 0.000000000000000 \\\\\n",
       "0.246668480000000 & 0.151107520000000 & 0.337785520000000 & 0.000000000000000 & 0.264435920000000 & 2.56000000000000 \\times 10^{-6}\n",
       "\\end{array}\\right)</script></html>"
      ],
      "text/latex": [
       "$$\\newcommand{\\Bold}[1]{\\mathbf{#1}}\\left(\\begin{array}{rrrrrr}\n",
       "0.246671710000000 & 0.151109430000000 & 0.337777560000000 & 0.000000000000000 & 0.264441300000000 & 0.000000000000000 \\\\\n",
       "0.246665170000000 & 0.151111610000000 & 0.337781870000000 & 0.000000000000000 & 0.264441350000000 & 0.000000000000000 \\\\\n",
       "0.246663040000000 & 0.151112320000000 & 0.337779690000000 & 0.000000000000000 & 0.264444950000000 & 0.000000000000000 \\\\\n",
       "0.246235620000000 & 0.151200180000000 & 0.337332480000000 & 0.000655360000000001 & 0.264576360000000 & 0.000000000000000 \\\\\n",
       "0.246667450000000 & 0.151110850000000 & 0.337773200000000 & 0.000000000000000 & 0.264448500000000 & 0.000000000000000 \\\\\n",
       "0.246668480000000 & 0.151107520000000 & 0.337785520000000 & 0.000000000000000 & 0.264435920000000 & 2.56000000000000 \\times 10^{-6}\n",
       "\\end{array}\\right)$$"
      ],
      "text/plain": [
       "[   0.246671710000000    0.151109430000000    0.337777560000000    0.000000000000000    0.264441300000000    0.000000000000000]\n",
       "[   0.246665170000000    0.151111610000000    0.337781870000000    0.000000000000000    0.264441350000000    0.000000000000000]\n",
       "[   0.246663040000000    0.151112320000000    0.337779690000000    0.000000000000000    0.264444950000000    0.000000000000000]\n",
       "[   0.246235620000000    0.151200180000000    0.337332480000000 0.000655360000000001    0.264576360000000    0.000000000000000]\n",
       "[   0.246667450000000    0.151110850000000    0.337773200000000    0.000000000000000    0.264448500000000    0.000000000000000]\n",
       "[   0.246668480000000    0.151107520000000    0.337785520000000    0.000000000000000    0.264435920000000  2.56000000000000e-6]"
      ]
     },
     "metadata": {},
     "output_type": "display_data"
    },
    {
     "name": "stdout",
     "output_type": "stream",
     "text": [
      "Степень  9\n"
     ]
    },
    {
     "data": {
      "text/html": [
       "<html><script type=\"math/tex; mode=display\">\\newcommand{\\Bold}[1]{\\mathbf{#1}}\\left(\\begin{array}{rrrrrr}\n",
       "0.246666097000000 & 0.151111301000000 & 0.337777317000000 & 0.000000000000000 & 0.264445285000000 & 0.000000000000000 \\\\\n",
       "0.246668044000000 & 0.151110652000000 & 0.337777109000000 & 0.000000000000000 & 0.264444195000000 & 0.000000000000000 \\\\\n",
       "0.246667603000000 & 0.151110799000000 & 0.337777758000000 & 0.000000000000000 & 0.264443840000000 & 0.000000000000000 \\\\\n",
       "0.246494262000000 & 0.151146734000000 & 0.337598646000000 & 0.000262144000000000 & 0.264498214000000 & 0.000000000000000 \\\\\n",
       "0.246665215000000 & 0.151111595000000 & 0.337778615000000 & 0.000000000000000 & 0.264444575000000 & 0.000000000000000 \\\\\n",
       "0.246667656000000 & 0.151110184000000 & 0.337775664000000 & 0.000000000000000 & 0.264445984000000 & 5.12000000000000 \\times 10^{-7}\n",
       "\\end{array}\\right)</script></html>"
      ],
      "text/latex": [
       "$$\\newcommand{\\Bold}[1]{\\mathbf{#1}}\\left(\\begin{array}{rrrrrr}\n",
       "0.246666097000000 & 0.151111301000000 & 0.337777317000000 & 0.000000000000000 & 0.264445285000000 & 0.000000000000000 \\\\\n",
       "0.246668044000000 & 0.151110652000000 & 0.337777109000000 & 0.000000000000000 & 0.264444195000000 & 0.000000000000000 \\\\\n",
       "0.246667603000000 & 0.151110799000000 & 0.337777758000000 & 0.000000000000000 & 0.264443840000000 & 0.000000000000000 \\\\\n",
       "0.246494262000000 & 0.151146734000000 & 0.337598646000000 & 0.000262144000000000 & 0.264498214000000 & 0.000000000000000 \\\\\n",
       "0.246665215000000 & 0.151111595000000 & 0.337778615000000 & 0.000000000000000 & 0.264444575000000 & 0.000000000000000 \\\\\n",
       "0.246667656000000 & 0.151110184000000 & 0.337775664000000 & 0.000000000000000 & 0.264445984000000 & 5.12000000000000 \\times 10^{-7}\n",
       "\\end{array}\\right)$$"
      ],
      "text/plain": [
       "[   0.246666097000000    0.151111301000000    0.337777317000000    0.000000000000000    0.264445285000000    0.000000000000000]\n",
       "[   0.246668044000000    0.151110652000000    0.337777109000000    0.000000000000000    0.264444195000000    0.000000000000000]\n",
       "[   0.246667603000000    0.151110799000000    0.337777758000000    0.000000000000000    0.264443840000000    0.000000000000000]\n",
       "[   0.246494262000000    0.151146734000000    0.337598646000000 0.000262144000000000    0.264498214000000    0.000000000000000]\n",
       "[   0.246665215000000    0.151111595000000    0.337778615000000    0.000000000000000    0.264444575000000    0.000000000000000]\n",
       "[   0.246667656000000    0.151110184000000    0.337775664000000    0.000000000000000    0.264445984000000  5.12000000000000e-7]"
      ]
     },
     "metadata": {},
     "output_type": "display_data"
    },
    {
     "name": "stdout",
     "output_type": "stream",
     "text": [
      "Степень  10\n"
     ]
    },
    {
     "data": {
      "text/html": [
       "<html><script type=\"math/tex; mode=display\">\\newcommand{\\Bold}[1]{\\mathbf{#1}}\\left(\\begin{array}{rrrrrr}\n",
       "0.246666585400000 & 0.151111138200000 & 0.337777926900000 & 0.000000000000000 & 0.264444349500000 & 0.000000000000000 \\\\\n",
       "0.246666328300000 & 0.151111223900000 & 0.337777773800000 & 0.000000000000000 & 0.264444674000000 & 0.000000000000000 \\\\\n",
       "0.246666567100000 & 0.151111144300000 & 0.337777688100000 & 0.000000000000000 & 0.264444600500000 & 0.000000000000000 \\\\\n",
       "0.246597399600000 & 0.151125462000000 & 0.337706326200000 & 0.000104857600000000 & 0.264465954600000 & 0.000000000000000 \\\\\n",
       "0.246667063000000 & 0.151110979000000 & 0.337777755500000 & 0.000000000000000 & 0.264444202500000 & 0.000000000000000 \\\\\n",
       "0.246665703200000 & 0.151111312800000 & 0.337778024800000 & 0.000000000000000 & 0.264444856800000 & 1.02400000000000 \\times 10^{-7}\n",
       "\\end{array}\\right)</script></html>"
      ],
      "text/latex": [
       "$$\\newcommand{\\Bold}[1]{\\mathbf{#1}}\\left(\\begin{array}{rrrrrr}\n",
       "0.246666585400000 & 0.151111138200000 & 0.337777926900000 & 0.000000000000000 & 0.264444349500000 & 0.000000000000000 \\\\\n",
       "0.246666328300000 & 0.151111223900000 & 0.337777773800000 & 0.000000000000000 & 0.264444674000000 & 0.000000000000000 \\\\\n",
       "0.246666567100000 & 0.151111144300000 & 0.337777688100000 & 0.000000000000000 & 0.264444600500000 & 0.000000000000000 \\\\\n",
       "0.246597399600000 & 0.151125462000000 & 0.337706326200000 & 0.000104857600000000 & 0.264465954600000 & 0.000000000000000 \\\\\n",
       "0.246667063000000 & 0.151110979000000 & 0.337777755500000 & 0.000000000000000 & 0.264444202500000 & 0.000000000000000 \\\\\n",
       "0.246665703200000 & 0.151111312800000 & 0.337778024800000 & 0.000000000000000 & 0.264444856800000 & 1.02400000000000 \\times 10^{-7}\n",
       "\\end{array}\\right)$$"
      ],
      "text/plain": [
       "[   0.246666585400000    0.151111138200000    0.337777926900000    0.000000000000000    0.264444349500000    0.000000000000000]\n",
       "[   0.246666328300000    0.151111223900000    0.337777773800000    0.000000000000000    0.264444674000000    0.000000000000000]\n",
       "[   0.246666567100000    0.151111144300000    0.337777688100000    0.000000000000000    0.264444600500000    0.000000000000000]\n",
       "[   0.246597399600000    0.151125462000000    0.337706326200000 0.000104857600000000    0.264465954600000    0.000000000000000]\n",
       "[   0.246667063000000    0.151110979000000    0.337777755500000    0.000000000000000    0.264444202500000    0.000000000000000]\n",
       "[   0.246665703200000    0.151111312800000    0.337778024800000    0.000000000000000    0.264444856800000  1.02400000000000e-7]"
      ]
     },
     "metadata": {},
     "output_type": "display_data"
    },
    {
     "name": "stdout",
     "output_type": "stream",
     "text": [
      "Степень  11\n"
     ]
    },
    {
     "data": {
      "text/html": [
       "<html><script type=\"math/tex; mode=display\">\\newcommand{\\Bold}[1]{\\mathbf{#1}}\\left(\\begin{array}{rrrrrr}\n",
       "0.246666719530000 & 0.151111093490000 & 0.337777756080000 & 0.000000000000000 & 0.264444430900000 & 0.000000000000000 \\\\\n",
       "0.246666699310000 & 0.151111100230000 & 0.337777812410000 & 0.000000000000000 & 0.264444388050000 & 0.000000000000000 \\\\\n",
       "0.246666649720000 & 0.151111116760000 & 0.337777805670000 & 0.000000000000000 & 0.264444427850000 & 0.000000000000000 \\\\\n",
       "0.246639050700000 & 0.151116821180000 & 0.337749187440000 & 0.0000419430400000000 & 0.264452997640000 & 0.000000000000000 \\\\\n",
       "0.246666620350000 & 0.151111126550000 & 0.337777742600000 & 0.000000000000000 & 0.264444510500000 & 0.000000000000000 \\\\\n",
       "0.246666791040000 & 0.151111045760000 & 0.337777809360000 & 0.000000000000000 & 0.264444333360000 & 2.04800000000000 \\times 10^{-8}\n",
       "\\end{array}\\right)</script></html>"
      ],
      "text/latex": [
       "$$\\newcommand{\\Bold}[1]{\\mathbf{#1}}\\left(\\begin{array}{rrrrrr}\n",
       "0.246666719530000 & 0.151111093490000 & 0.337777756080000 & 0.000000000000000 & 0.264444430900000 & 0.000000000000000 \\\\\n",
       "0.246666699310000 & 0.151111100230000 & 0.337777812410000 & 0.000000000000000 & 0.264444388050000 & 0.000000000000000 \\\\\n",
       "0.246666649720000 & 0.151111116760000 & 0.337777805670000 & 0.000000000000000 & 0.264444427850000 & 0.000000000000000 \\\\\n",
       "0.246639050700000 & 0.151116821180000 & 0.337749187440000 & 0.0000419430400000000 & 0.264452997640000 & 0.000000000000000 \\\\\n",
       "0.246666620350000 & 0.151111126550000 & 0.337777742600000 & 0.000000000000000 & 0.264444510500000 & 0.000000000000000 \\\\\n",
       "0.246666791040000 & 0.151111045760000 & 0.337777809360000 & 0.000000000000000 & 0.264444333360000 & 2.04800000000000 \\times 10^{-8}\n",
       "\\end{array}\\right)$$"
      ],
      "text/plain": [
       "[    0.246666719530000     0.151111093490000     0.337777756080000     0.000000000000000     0.264444430900000     0.000000000000000]\n",
       "[    0.246666699310000     0.151111100230000     0.337777812410000     0.000000000000000     0.264444388050000     0.000000000000000]\n",
       "[    0.246666649720000     0.151111116760000     0.337777805670000     0.000000000000000     0.264444427850000     0.000000000000000]\n",
       "[    0.246639050700000     0.151116821180000     0.337749187440000 0.0000419430400000000     0.264452997640000     0.000000000000000]\n",
       "[    0.246666620350000     0.151111126550000     0.337777742600000     0.000000000000000     0.264444510500000     0.000000000000000]\n",
       "[    0.246666791040000     0.151111045760000     0.337777809360000     0.000000000000000     0.264444333360000   2.04800000000000e-8]"
      ]
     },
     "metadata": {},
     "output_type": "display_data"
    },
    {
     "name": "stdout",
     "output_type": "stream",
     "text": [
      "Степень  12\n"
     ]
    },
    {
     "data": {
      "text/html": [
       "<html><script type=\"math/tex; mode=display\">\\newcommand{\\Bold}[1]{\\mathbf{#1}}\\left(\\begin{array}{rrrrrr}\n",
       "0.246666654871000 & 0.151111115043000 & 0.337777776831000 & 0.000000000000000 & 0.264444453255000 & 0.000000000000000 \\\\\n",
       "0.246666673792000 & 0.151111108736000 & 0.337777767587000 & 0.000000000000000 & 0.264444449885000 & 0.000000000000000 \\\\\n",
       "0.246666676729000 & 0.151111107757000 & 0.337777773894000 & 0.000000000000000 & 0.264444441620000 & 0.000000000000000 \\\\\n",
       "0.246655608282000 & 0.151113399138000 & 0.337766334498000 & 0.0000167772160000000 & 0.264447880866000 & 0.000000000000000 \\\\\n",
       "0.246666660745000 & 0.151111113085000 & 0.337777789445000 & 0.000000000000000 & 0.264444436725000 & 0.000000000000000 \\\\\n",
       "0.246666654488000 & 0.151111110392000 & 0.337777755952000 & 0.000000000000000 & 0.264444475072000 & 4.09600000000001 \\times 10^{-9}\n",
       "\\end{array}\\right)</script></html>"
      ],
      "text/latex": [
